              precision    recall  f1-score   support

           0     0.8557    0.7872    0.8200       437
           1     0.8345    0.9895    0.9054       474
           2     0.8307    0.7631    0.7955       553
           3     0.7864    0.7924    0.7894       525
           4     0.8297    0.8882    0.8580       510
           5     0.8521    0.7705    0.8092       501

    accuracy                         0.8300      3000
   macro avg     0.8315    0.8318    0.8296      3000
weighted avg     0.8306    0.8300    0.8283      3000
